
Solutia 1, lungime 22: (2, 3) (2, 4) (2, 5) (3, 5) (4, 5) (5, 5) (5, 6) (5, 7) (5, 8) (6, 8) (7, 8) (8, 8) (8, 7) (8, 6) (8, 5) (7, 5) (7, 4) (7, 3) (8, 3) (8, 2) (8, 1) (9, 1) 

Solutia 2, lungime 22: (2, 3) (2, 4) (2, 5) (3, 5) (4, 5) (5, 5) (5, 6) (5, 7) (5, 8) (6, 8) (7, 8) (7, 7) (8, 7) (8, 6) (8, 5) (7, 5) (7, 4) (7, 3) (8, 3) (8, 2) (8, 1) (9, 1) 

Solutia 3, lungime 14: (2, 3) (2, 4) (2, 5) (3, 5) (4, 5) (5, 5) (5, 4) (5, 3) (6, 3) (7, 3) (8, 3) (8, 2) (8, 1) (9, 1) 

Solutia 4, lungime 18: (2, 3) (2, 4) (2, 5) (3, 5) (4, 5) (5, 5) (5, 4) (5, 3) (4, 3) (4, 2) (5, 2) (6, 2) (6, 3) (7, 3) (8, 3) (8, 2) (8, 1) (9, 1) 

Solutia 5, lungime 20: (2, 3) (2, 4) (2, 5) (3, 5) (4, 5) (5, 5) (5, 4) (5, 3) (4, 3) (4, 2) (5, 2) (5, 1) (6, 1) (6, 2) (6, 3) (7, 3) (8, 3) (8, 2) (8, 1) (9, 1) 

Solutia 6, lungime 20: (2, 3) (2, 4) (2, 5) (3, 5) (4, 5) (5, 5) (5, 4) (5, 3) (4, 3) (4, 2) (4, 1) (5, 1) (6, 1) (6, 2) (6, 3) (7, 3) (8, 3) (8, 2) (8, 1) (9, 1) 

Solutia 7, lungime 20: (2, 3) (2, 4) (2, 5) (3, 5) (4, 5) (5, 5) (5, 4) (5, 3) (4, 3) (4, 2) (4, 1) (5, 1) (5, 2) (6, 2) (6, 3) (7, 3) (8, 3) (8, 2) (8, 1) (9, 1) 

Solutia 8, lungime 16: (2, 3) (2, 4) (2, 5) (3, 5) (4, 5) (5, 5) (5, 4) (5, 3) (5, 2) (6, 2) (6, 3) (7, 3) (8, 3) (8, 2) (8, 1) (9, 1) 

Solutia 9, lungime 20: (2, 3) (2, 4) (2, 5) (3, 5) (4, 5) (5, 5) (5, 4) (5, 3) (5, 2) (4, 2) (4, 1) (5, 1) (6, 1) (6, 2) (6, 3) (7, 3) (8, 3) (8, 2) (8, 1) (9, 1) 

Solutia 10, lungime 18: (2, 3) (2, 4) (2, 5) (3, 5) (4, 5) (5, 5) (5, 4) (5, 3) (5, 2) (5, 1) (6, 1) (6, 2) (6, 3) (7, 3) (8, 3) (8, 2) (8, 1) (9, 1) 

Solutia 11, lungime 24: (2, 3) (2, 4) (2, 5) (2, 6) (3, 6) (3, 5) (4, 5) (5, 5) (5, 6) (5, 7) (5, 8) (6, 8) (7, 8) (8, 8) (8, 7) (8, 6) (8, 5) (7, 5) (7, 4) (7, 3) (8, 3) (8, 2) (8, 1) (9, 1) 

Solutia 12, lungime 24: (2, 3) (2, 4) (2, 5) (2, 6) (3, 6) (3, 5) (4, 5) (5, 5) (5, 6) (5, 7) (5, 8) (6, 8) (7, 8) (7, 7) (8, 7) (8, 6) (8, 5) (7, 5) (7, 4) (7, 3) (8, 3) (8, 2) (8, 1) (9, 1) 

Solutia 13, lungime 16: (2, 3) (2, 4) (2, 5) (2, 6) (3, 6) (3, 5) (4, 5) (5, 5) (5, 4) (5, 3) (6, 3) (7, 3) (8, 3) (8, 2) (8, 1) (9, 1) 

Solutia 14, lungime 20: (2, 3) (2, 4) (2, 5) (2, 6) (3, 6) (3, 5) (4, 5) (5, 5) (5, 4) (5, 3) (4, 3) (4, 2) (5, 2) (6, 2) (6, 3) (7, 3) (8, 3) (8, 2) (8, 1) (9, 1) 

Solutia 15, lungime 22: (2, 3) (2, 4) (2, 5) (2, 6) (3, 6) (3, 5) (4, 5) (5, 5) (5, 4) (5, 3) (4, 3) (4, 2) (5, 2) (5, 1) (6, 1) (6, 2) (6, 3) (7, 3) (8, 3) (8, 2) (8, 1) (9, 1) 

Solutia 16, lungime 22: (2, 3) (2, 4) (2, 5) (2, 6) (3, 6) (3, 5) (4, 5) (5, 5) (5, 4) (5, 3) (4, 3) (4, 2) (4, 1) (5, 1) (6, 1) (6, 2) (6, 3) (7, 3) (8, 3) (8, 2) (8, 1) (9, 1) 

Solutia 17, lungime 22: (2, 3) (2, 4) (2, 5) (2, 6) (3, 6) (3, 5) (4, 5) (5, 5) (5, 4) (5, 3) (4, 3) (4, 2) (4, 1) (5, 1) (5, 2) (6, 2) (6, 3) (7, 3) (8, 3) (8, 2) (8, 1) (9, 1) 

Solutia 18, lungime 18: (2, 3) (2, 4) (2, 5) (2, 6) (3, 6) (3, 5) (4, 5) (5, 5) (5, 4) (5, 3) (5, 2) (6, 2) (6, 3) (7, 3) (8, 3) (8, 2) (8, 1) (9, 1) 

Solutia 19, lungime 22: (2, 3) (2, 4) (2, 5) (2, 6) (3, 6) (3, 5) (4, 5) (5, 5) (5, 4) (5, 3) (5, 2) (4, 2) (4, 1) (5, 1) (6, 1) (6, 2) (6, 3) (7, 3) (8, 3) (8, 2) (8, 1) (9, 1) 

Solutia 20, lungime 20: (2, 3) (2, 4) (2, 5) (2, 6) (3, 6) (3, 5) (4, 5) (5, 5) (5, 4) (5, 3) (5, 2) (5, 1) (6, 1) (6, 2) (6, 3) (7, 3) (8, 3) (8, 2) (8, 1) (9, 1) 

Solutia 21, lungime 18: (2, 3) (2, 2) (2, 1) (3, 1) (4, 1) (5, 1) (6, 1) (6, 2) (5, 2) (4, 2) (4, 3) (5, 3) (6, 3) (7, 3) (8, 3) (8, 2) (8, 1) (9, 1) 

Solutia 22, lungime 30: (2, 3) (2, 2) (2, 1) (3, 1) (4, 1) (5, 1) (6, 1) (6, 2) (5, 2) (4, 2) (4, 3) (5, 3) (5, 4) (5, 5) (5, 6) (5, 7) (5, 8) (6, 8) (7, 8) (8, 8) (8, 7) (8, 6) (8, 5) (7, 5) (7, 4) (7, 3) (8, 3) (8, 2) (8, 1) (9, 1) 

Solutia 23, lungime 30: (2, 3) (2, 2) (2, 1) (3, 1) (4, 1) (5, 1) (6, 1) (6, 2) (5, 2) (4, 2) (4, 3) (5, 3) (5, 4) (5, 5) (5, 6) (5, 7) (5, 8) (6, 8) (7, 8) (7, 7) (8, 7) (8, 6) (8, 5) (7, 5) (7, 4) (7, 3) (8, 3) (8, 2) (8, 1) (9, 1) 

Solutia 24, lungime 16: (2, 3) (2, 2) (2, 1) (3, 1) (4, 1) (5, 1) (6, 1) (6, 2) (5, 2) (5, 3) (6, 3) (7, 3) (8, 3) (8, 2) (8, 1) (9, 1) 

Solutia 25, lungime 28: (2, 3) (2, 2) (2, 1) (3, 1) (4, 1) (5, 1) (6, 1) (6, 2) (5, 2) (5, 3) (5, 4) (5, 5) (5, 6) (5, 7) (5, 8) (6, 8) (7, 8) (8, 8) (8, 7) (8, 6) (8, 5) (7, 5) (7, 4) (7, 3) (8, 3) (8, 2) (8, 1) (9, 1) 

Solutia 26, lungime 28: (2, 3) (2, 2) (2, 1) (3, 1) (4, 1) (5, 1) (6, 1) (6, 2) (5, 2) (5, 3) (5, 4) (5, 5) (5, 6) (5, 7) (5, 8) (6, 8) (7, 8) (7, 7) (8, 7) (8, 6) (8, 5) (7, 5) (7, 4) (7, 3) (8, 3) (8, 2) (8, 1) (9, 1) 

Solutia 27, lungime 14: (2, 3) (2, 2) (2, 1) (3, 1) (4, 1) (5, 1) (6, 1) (6, 2) (6, 3) (7, 3) (8, 3) (8, 2) (8, 1) (9, 1) 

Solutia 28, lungime 28: (2, 3) (2, 2) (2, 1) (3, 1) (4, 1) (5, 1) (6, 1) (6, 2) (6, 3) (5, 3) (5, 4) (5, 5) (5, 6) (5, 7) (5, 8) (6, 8) (7, 8) (8, 8) (8, 7) (8, 6) (8, 5) (7, 5) (7, 4) (7, 3) (8, 3) (8, 2) (8, 1) (9, 1) 

Solutia 29, lungime 28: (2, 3) (2, 2) (2, 1) (3, 1) (4, 1) (5, 1) (6, 1) (6, 2) (6, 3) (5, 3) (5, 4) (5, 5) (5, 6) (5, 7) (5, 8) (6, 8) (7, 8) (7, 7) (8, 7) (8, 6) (8, 5) (7, 5) (7, 4) (7, 3) (8, 3) (8, 2) (8, 1) (9, 1) 

Solutia 30, lungime 14: (2, 3) (2, 2) (2, 1) (3, 1) (4, 1) (5, 1) (5, 2) (6, 2) (6, 3) (7, 3) (8, 3) (8, 2) (8, 1) (9, 1) 

Solutia 31, lungime 28: (2, 3) (2, 2) (2, 1) (3, 1) (4, 1) (5, 1) (5, 2) (6, 2) (6, 3) (5, 3) (5, 4) (5, 5) (5, 6) (5, 7) (5, 8) (6, 8) (7, 8) (8, 8) (8, 7) (8, 6) (8, 5) (7, 5) (7, 4) (7, 3) (8, 3) (8, 2) (8, 1) (9, 1) 

Solutia 32, lungime 28: (2, 3) (2, 2) (2, 1) (3, 1) (4, 1) (5, 1) (5, 2) (6, 2) (6, 3) (5, 3) (5, 4) (5, 5) (5, 6) (5, 7) (5, 8) (6, 8) (7, 8) (7, 7) (8, 7) (8, 6) (8, 5) (7, 5) (7, 4) (7, 3) (8, 3) (8, 2) (8, 1) (9, 1) 

Solutia 33, lungime 16: (2, 3) (2, 2) (2, 1) (3, 1) (4, 1) (5, 1) (5, 2) (4, 2) (4, 3) (5, 3) (6, 3) (7, 3) (8, 3) (8, 2) (8, 1) (9, 1) 

Solutia 34, lungime 28: (2, 3) (2, 2) (2, 1) (3, 1) (4, 1) (5, 1) (5, 2) (4, 2) (4, 3) (5, 3) (5, 4) (5, 5) (5, 6) (5, 7) (5, 8) (6, 8) (7, 8) (8, 8) (8, 7) (8, 6) (8, 5) (7, 5) (7, 4) (7, 3) (8, 3) (8, 2) (8, 1) (9, 1) 

Solutia 35, lungime 28: (2, 3) (2, 2) (2, 1) (3, 1) (4, 1) (5, 1) (5, 2) (4, 2) (4, 3) (5, 3) (5, 4) (5, 5) (5, 6) (5, 7) (5, 8) (6, 8) (7, 8) (7, 7) (8, 7) (8, 6) (8, 5) (7, 5) (7, 4) (7, 3) (8, 3) (8, 2) (8, 1) (9, 1) 

Solutia 36, lungime 14: (2, 3) (2, 2) (2, 1) (3, 1) (4, 1) (5, 1) (5, 2) (5, 3) (6, 3) (7, 3) (8, 3) (8, 2) (8, 1) (9, 1) 

Solutia 37, lungime 26: (2, 3) (2, 2) (2, 1) (3, 1) (4, 1) (5, 1) (5, 2) (5, 3) (5, 4) (5, 5) (5, 6) (5, 7) (5, 8) (6, 8) (7, 8) (8, 8) (8, 7) (8, 6) (8, 5) (7, 5) (7, 4) (7, 3) (8, 3) (8, 2) (8, 1) (9, 1) 

Solutia 38, lungime 26: (2, 3) (2, 2) (2, 1) (3, 1) (4, 1) (5, 1) (5, 2) (5, 3) (5, 4) (5, 5) (5, 6) (5, 7) (5, 8) (6, 8) (7, 8) (7, 7) (8, 7) (8, 6) (8, 5) (7, 5) (7, 4) (7, 3) (8, 3) (8, 2) (8, 1) (9, 1) 

Solutia 39, lungime 14: (2, 3) (2, 2) (2, 1) (3, 1) (4, 1) (4, 2) (5, 2) (6, 2) (6, 3) (7, 3) (8, 3) (8, 2) (8, 1) (9, 1) 

Solutia 40, lungime 28: (2, 3) (2, 2) (2, 1) (3, 1) (4, 1) (4, 2) (5, 2) (6, 2) (6, 3) (5, 3) (5, 4) (5, 5) (5, 6) (5, 7) (5, 8) (6, 8) (7, 8) (8, 8) (8, 7) (8, 6) (8, 5) (7, 5) (7, 4) (7, 3) (8, 3) (8, 2) (8, 1) (9, 1) 

Solutia 41, lungime 28: (2, 3) (2, 2) (2, 1) (3, 1) (4, 1) (4, 2) (5, 2) (6, 2) (6, 3) (5, 3) (5, 4) (5, 5) (5, 6) (5, 7) (5, 8) (6, 8) (7, 8) (7, 7) (8, 7) (8, 6) (8, 5) (7, 5) (7, 4) (7, 3) (8, 3) (8, 2) (8, 1) (9, 1) 

Solutia 42, lungime 14: (2, 3) (2, 2) (2, 1) (3, 1) (4, 1) (4, 2) (5, 2) (5, 3) (6, 3) (7, 3) (8, 3) (8, 2) (8, 1) (9, 1) 

Solutia 43, lungime 26: (2, 3) (2, 2) (2, 1) (3, 1) (4, 1) (4, 2) (5, 2) (5, 3) (5, 4) (5, 5) (5, 6) (5, 7) (5, 8) (6, 8) (7, 8) (8, 8) (8, 7) (8, 6) (8, 5) (7, 5) (7, 4) (7, 3) (8, 3) (8, 2) (8, 1) (9, 1) 

Solutia 44, lungime 26: (2, 3) (2, 2) (2, 1) (3, 1) (4, 1) (4, 2) (5, 2) (5, 3) (5, 4) (5, 5) (5, 6) (5, 7) (5, 8) (6, 8) (7, 8) (7, 7) (8, 7) (8, 6) (8, 5) (7, 5) (7, 4) (7, 3) (8, 3) (8, 2) (8, 1) (9, 1) 

Solutia 45, lungime 16: (2, 3) (2, 2) (2, 1) (3, 1) (4, 1) (4, 2) (5, 2) (5, 1) (6, 1) (6, 2) (6, 3) (7, 3) (8, 3) (8, 2) (8, 1) (9, 1) 

Solutia 46, lungime 30: (2, 3) (2, 2) (2, 1) (3, 1) (4, 1) (4, 2) (5, 2) (5, 1) (6, 1) (6, 2) (6, 3) (5, 3) (5, 4) (5, 5) (5, 6) (5, 7) (5, 8) (6, 8) (7, 8) (8, 8) (8, 7) (8, 6) (8, 5) (7, 5) (7, 4) (7, 3) (8, 3) (8, 2) (8, 1) (9, 1) 

Solutia 47, lungime 30: (2, 3) (2, 2) (2, 1) (3, 1) (4, 1) (4, 2) (5, 2) (5, 1) (6, 1) (6, 2) (6, 3) (5, 3) (5, 4) (5, 5) (5, 6) (5, 7) (5, 8) (6, 8) (7, 8) (7, 7) (8, 7) (8, 6) (8, 5) (7, 5) (7, 4) (7, 3) (8, 3) (8, 2) (8, 1) (9, 1) 

Solutia 48, lungime 14: (2, 3) (2, 2) (2, 1) (3, 1) (4, 1) (4, 2) (4, 3) (5, 3) (6, 3) (7, 3) (8, 3) (8, 2) (8, 1) (9, 1) 

Solutia 49, lungime 26: (2, 3) (2, 2) (2, 1) (3, 1) (4, 1) (4, 2) (4, 3) (5, 3) (5, 4) (5, 5) (5, 6) (5, 7) (5, 8) (6, 8) (7, 8) (8, 8) (8, 7) (8, 6) (8, 5) (7, 5) (7, 4) (7, 3) (8, 3) (8, 2) (8, 1) (9, 1) 

Solutia 50, lungime 26: (2, 3) (2, 2) (2, 1) (3, 1) (4, 1) (4, 2) (4, 3) (5, 3) (5, 4) (5, 5) (5, 6) (5, 7) (5, 8) (6, 8) (7, 8) (7, 7) (8, 7) (8, 6) (8, 5) (7, 5) (7, 4) (7, 3) (8, 3) (8, 2) (8, 1) (9, 1) 

Solutia 51, lungime 16: (2, 3) (2, 2) (2, 1) (3, 1) (4, 1) (4, 2) (4, 3) (5, 3) (5, 2) (6, 2) (6, 3) (7, 3) (8, 3) (8, 2) (8, 1) (9, 1) 

Solutia 52, lungime 18: (2, 3) (2, 2) (2, 1) (3, 1) (4, 1) (4, 2) (4, 3) (5, 3) (5, 2) (5, 1) (6, 1) (6, 2) (6, 3) (7, 3) (8, 3) (8, 2) (8, 1) (9, 1) 

Solutia 1, lungime 22: (2, 3) (2, 4) (2, 5) (3, 5) (4, 5) (5, 5) (5, 6) (5, 7) (5, 8) (6, 8) (7, 8) (8, 8) (8, 7) (8, 6) (8, 5) (7, 5) (7, 4) (7, 3) (8, 3) (8, 2) (8, 1) (9, 1) 

Solutia 2, lungime 22: (2, 3) (2, 4) (2, 5) (3, 5) (4, 5) (5, 5) (5, 6) (5, 7) (5, 8) (6, 8) (7, 8) (7, 7) (8, 7) (8, 6) (8, 5) (7, 5) (7, 4) (7, 3) (8, 3) (8, 2) (8, 1) (9, 1) 

Solutia 3, lungime 14: (2, 3) (2, 4) (2, 5) (3, 5) (4, 5) (5, 5) (5, 4) (5, 3) (6, 3) (7, 3) (8, 3) (8, 2) (8, 1) (9, 1) 

Solutia 4, lungime 18: (2, 3) (2, 4) (2, 5) (3, 5) (4, 5) (5, 5) (5, 4) (5, 3) (4, 3) (4, 2) (5, 2) (6, 2) (6, 3) (7, 3) (8, 3) (8, 2) (8, 1) (9, 1) 

Solutia 5, lungime 20: (2, 3) (2, 4) (2, 5) (3, 5) (4, 5) (5, 5) (5, 4) (5, 3) (4, 3) (4, 2) (5, 2) (5, 1) (6, 1) (6, 2) (6, 3) (7, 3) (8, 3) (8, 2) (8, 1) (9, 1) 

Solutia 6, lungime 20: (2, 3) (2, 4) (2, 5) (3, 5) (4, 5) (5, 5) (5, 4) (5, 3) (4, 3) (4, 2) (4, 1) (5, 1) (6, 1) (6, 2) (6, 3) (7, 3) (8, 3) (8, 2) (8, 1) (9, 1) 

Solutia 7, lungime 20: (2, 3) (2, 4) (2, 5) (3, 5) (4, 5) (5, 5) (5, 4) (5, 3) (4, 3) (4, 2) (4, 1) (5, 1) (5, 2) (6, 2) (6, 3) (7, 3) (8, 3) (8, 2) (8, 1) (9, 1) 

Solutia 8, lungime 16: (2, 3) (2, 4) (2, 5) (3, 5) (4, 5) (5, 5) (5, 4) (5, 3) (5, 2) (6, 2) (6, 3) (7, 3) (8, 3) (8, 2) (8, 1) (9, 1) 

Solutia 9, lungime 20: (2, 3) (2, 4) (2, 5) (3, 5) (4, 5) (5, 5) (5, 4) (5, 3) (5, 2) (4, 2) (4, 1) (5, 1) (6, 1) (6, 2) (6, 3) (7, 3) (8, 3) (8, 2) (8, 1) (9, 1) 

Solutia 10, lungime 18: (2, 3) (2, 4) (2, 5) (3, 5) (4, 5) (5, 5) (5, 4) (5, 3) (5, 2) (5, 1) (6, 1) (6, 2) (6, 3) (7, 3) (8, 3) (8, 2) (8, 1) (9, 1) 

Solutia 11, lungime 24: (2, 3) (2, 4) (2, 5) (2, 6) (3, 6) (3, 5) (4, 5) (5, 5) (5, 6) (5, 7) (5, 8) (6, 8) (7, 8) (8, 8) (8, 7) (8, 6) (8, 5) (7, 5) (7, 4) (7, 3) (8, 3) (8, 2) (8, 1) (9, 1) 

Solutia 12, lungime 24: (2, 3) (2, 4) (2, 5) (2, 6) (3, 6) (3, 5) (4, 5) (5, 5) (5, 6) (5, 7) (5, 8) (6, 8) (7, 8) (7, 7) (8, 7) (8, 6) (8, 5) (7, 5) (7, 4) (7, 3) (8, 3) (8, 2) (8, 1) (9, 1) 

Solutia 13, lungime 16: (2, 3) (2, 4) (2, 5) (2, 6) (3, 6) (3, 5) (4, 5) (5, 5) (5, 4) (5, 3) (6, 3) (7, 3) (8, 3) (8, 2) (8, 1) (9, 1) 

Solutia 14, lungime 20: (2, 3) (2, 4) (2, 5) (2, 6) (3, 6) (3, 5) (4, 5) (5, 5) (5, 4) (5, 3) (4, 3) (4, 2) (5, 2) (6, 2) (6, 3) (7, 3) (8, 3) (8, 2) (8, 1) (9, 1) 

Solutia 15, lungime 22: (2, 3) (2, 4) (2, 5) (2, 6) (3, 6) (3, 5) (4, 5) (5, 5) (5, 4) (5, 3) (4, 3) (4, 2) (5, 2) (5, 1) (6, 1) (6, 2) (6, 3) (7, 3) (8, 3) (8, 2) (8, 1) (9, 1) 

Solutia 16, lungime 22: (2, 3) (2, 4) (2, 5) (2, 6) (3, 6) (3, 5) (4, 5) (5, 5) (5, 4) (5, 3) (4, 3) (4, 2) (4, 1) (5, 1) (6, 1) (6, 2) (6, 3) (7, 3) (8, 3) (8, 2) (8, 1) (9, 1) 

Solutia 17, lungime 22: (2, 3) (2, 4) (2, 5) (2, 6) (3, 6) (3, 5) (4, 5) (5, 5) (5, 4) (5, 3) (4, 3) (4, 2) (4, 1) (5, 1) (5, 2) (6, 2) (6, 3) (7, 3) (8, 3) (8, 2) (8, 1) (9, 1) 

Solutia 18, lungime 18: (2, 3) (2, 4) (2, 5) (2, 6) (3, 6) (3, 5) (4, 5) (5, 5) (5, 4) (5, 3) (5, 2) (6, 2) (6, 3) (7, 3) (8, 3) (8, 2) (8, 1) (9, 1) 

Solutia 19, lungime 22: (2, 3) (2, 4) (2, 5) (2, 6) (3, 6) (3, 5) (4, 5) (5, 5) (5, 4) (5, 3) (5, 2) (4, 2) (4, 1) (5, 1) (6, 1) (6, 2) (6, 3) (7, 3) (8, 3) (8, 2) (8, 1) (9, 1) 

Solutia 20, lungime 20: (2, 3) (2, 4) (2, 5) (2, 6) (3, 6) (3, 5) (4, 5) (5, 5) (5, 4) (5, 3) (5, 2) (5, 1) (6, 1) (6, 2) (6, 3) (7, 3) (8, 3) (8, 2) (8, 1) (9, 1) 

Solutia 21, lungime 18: (2, 3) (2, 2) (2, 1) (3, 1) (4, 1) (5, 1) (6, 1) (6, 2) (5, 2) (4, 2) (4, 3) (5, 3) (6, 3) (7, 3) (8, 3) (8, 2) (8, 1) (9, 1) 

Solutia 22, lungime 30: (2, 3) (2, 2) (2, 1) (3, 1) (4, 1) (5, 1) (6, 1) (6, 2) (5, 2) (4, 2) (4, 3) (5, 3) (5, 4) (5, 5) (5, 6) (5, 7) (5, 8) (6, 8) (7, 8) (8, 8) (8, 7) (8, 6) (8, 5) (7, 5) (7, 4) (7, 3) (8, 3) (8, 2) (8, 1) (9, 1) 

Solutia 23, lungime 30: (2, 3) (2, 2) (2, 1) (3, 1) (4, 1) (5, 1) (6, 1) (6, 2) (5, 2) (4, 2) (4, 3) (5, 3) (5, 4) (5, 5) (5, 6) (5, 7) (5, 8) (6, 8) (7, 8) (7, 7) (8, 7) (8, 6) (8, 5) (7, 5) (7, 4) (7, 3) (8, 3) (8, 2) (8, 1) (9, 1) 

Solutia 24, lungime 16: (2, 3) (2, 2) (2, 1) (3, 1) (4, 1) (5, 1) (6, 1) (6, 2) (5, 2) (5, 3) (6, 3) (7, 3) (8, 3) (8, 2) (8, 1) (9, 1) 

Solutia 25, lungime 28: (2, 3) (2, 2) (2, 1) (3, 1) (4, 1) (5, 1) (6, 1) (6, 2) (5, 2) (5, 3) (5, 4) (5, 5) (5, 6) (5, 7) (5, 8) (6, 8) (7, 8) (8, 8) (8, 7) (8, 6) (8, 5) (7, 5) (7, 4) (7, 3) (8, 3) (8, 2) (8, 1) (9, 1) 

Solutia 26, lungime 28: (2, 3) (2, 2) (2, 1) (3, 1) (4, 1) (5, 1) (6, 1) (6, 2) (5, 2) (5, 3) (5, 4) (5, 5) (5, 6) (5, 7) (5, 8) (6, 8) (7, 8) (7, 7) (8, 7) (8, 6) (8, 5) (7, 5) (7, 4) (7, 3) (8, 3) (8, 2) (8, 1) (9, 1) 

Solutia 27, lungime 14: (2, 3) (2, 2) (2, 1) (3, 1) (4, 1) (5, 1) (6, 1) (6, 2) (6, 3) (7, 3) (8, 3) (8, 2) (8, 1) (9, 1) 

Solutia 28, lungime 28: (2, 3) (2, 2) (2, 1) (3, 1) (4, 1) (5, 1) (6, 1) (6, 2) (6, 3) (5, 3) (5, 4) (5, 5) (5, 6) (5, 7) (5, 8) (6, 8) (7, 8) (8, 8) (8, 7) (8, 6) (8, 5) (7, 5) (7, 4) (7, 3) (8, 3) (8, 2) (8, 1) (9, 1) 

Solutia 29, lungime 28: (2, 3) (2, 2) (2, 1) (3, 1) (4, 1) (5, 1) (6, 1) (6, 2) (6, 3) (5, 3) (5, 4) (5, 5) (5, 6) (5, 7) (5, 8) (6, 8) (7, 8) (7, 7) (8, 7) (8, 6) (8, 5) (7, 5) (7, 4) (7, 3) (8, 3) (8, 2) (8, 1) (9, 1) 

Solutia 30, lungime 14: (2, 3) (2, 2) (2, 1) (3, 1) (4, 1) (5, 1) (5, 2) (6, 2) (6, 3) (7, 3) (8, 3) (8, 2) (8, 1) (9, 1) 

Solutia 31, lungime 28: (2, 3) (2, 2) (2, 1) (3, 1) (4, 1) (5, 1) (5, 2) (6, 2) (6, 3) (5, 3) (5, 4) (5, 5) (5, 6) (5, 7) (5, 8) (6, 8) (7, 8) (8, 8) (8, 7) (8, 6) (8, 5) (7, 5) (7, 4) (7, 3) (8, 3) (8, 2) (8, 1) (9, 1) 

Solutia 32, lungime 28: (2, 3) (2, 2) (2, 1) (3, 1) (4, 1) (5, 1) (5, 2) (6, 2) (6, 3) (5, 3) (5, 4) (5, 5) (5, 6) (5, 7) (5, 8) (6, 8) (7, 8) (7, 7) (8, 7) (8, 6) (8, 5) (7, 5) (7, 4) (7, 3) (8, 3) (8, 2) (8, 1) (9, 1) 

Solutia 33, lungime 16: (2, 3) (2, 2) (2, 1) (3, 1) (4, 1) (5, 1) (5, 2) (4, 2) (4, 3) (5, 3) (6, 3) (7, 3) (8, 3) (8, 2) (8, 1) (9, 1) 

Solutia 34, lungime 28: (2, 3) (2, 2) (2, 1) (3, 1) (4, 1) (5, 1) (5, 2) (4, 2) (4, 3) (5, 3) (5, 4) (5, 5) (5, 6) (5, 7) (5, 8) (6, 8) (7, 8) (8, 8) (8, 7) (8, 6) (8, 5) (7, 5) (7, 4) (7, 3) (8, 3) (8, 2) (8, 1) (9, 1) 

Solutia 35, lungime 28: (2, 3) (2, 2) (2, 1) (3, 1) (4, 1) (5, 1) (5, 2) (4, 2) (4, 3) (5, 3) (5, 4) (5, 5) (5, 6) (5, 7) (5, 8) (6, 8) (7, 8) (7, 7) (8, 7) (8, 6) (8, 5) (7, 5) (7, 4) (7, 3) (8, 3) (8, 2) (8, 1) (9, 1) 

Solutia 36, lungime 14: (2, 3) (2, 2) (2, 1) (3, 1) (4, 1) (5, 1) (5, 2) (5, 3) (6, 3) (7, 3) (8, 3) (8, 2) (8, 1) (9, 1) 

Solutia 37, lungime 26: (2, 3) (2, 2) (2, 1) (3, 1) (4, 1) (5, 1) (5, 2) (5, 3) (5, 4) (5, 5) (5, 6) (5, 7) (5, 8) (6, 8) (7, 8) (8, 8) (8, 7) (8, 6) (8, 5) (7, 5) (7, 4) (7, 3) (8, 3) (8, 2) (8, 1) (9, 1) 

Solutia 38, lungime 26: (2, 3) (2, 2) (2, 1) (3, 1) (4, 1) (5, 1) (5, 2) (5, 3) (5, 4) (5, 5) (5, 6) (5, 7) (5, 8) (6, 8) (7, 8) (7, 7) (8, 7) (8, 6) (8, 5) (7, 5) (7, 4) (7, 3) (8, 3) (8, 2) (8, 1) (9, 1) 

Solutia 39, lungime 14: (2, 3) (2, 2) (2, 1) (3, 1) (4, 1) (4, 2) (5, 2) (6, 2) (6, 3) (7, 3) (8, 3) (8, 2) (8, 1) (9, 1) 

Solutia 40, lungime 28: (2, 3) (2, 2) (2, 1) (3, 1) (4, 1) (4, 2) (5, 2) (6, 2) (6, 3) (5, 3) (5, 4) (5, 5) (5, 6) (5, 7) (5, 8) (6, 8) (7, 8) (8, 8) (8, 7) (8, 6) (8, 5) (7, 5) (7, 4) (7, 3) (8, 3) (8, 2) (8, 1) (9, 1) 

Solutia 41, lungime 28: (2, 3) (2, 2) (2, 1) (3, 1) (4, 1) (4, 2) (5, 2) (6, 2) (6, 3) (5, 3) (5, 4) (5, 5) (5, 6) (5, 7) (5, 8) (6, 8) (7, 8) (7, 7) (8, 7) (8, 6) (8, 5) (7, 5) (7, 4) (7, 3) (8, 3) (8, 2) (8, 1) (9, 1) 

Solutia 42, lungime 14: (2, 3) (2, 2) (2, 1) (3, 1) (4, 1) (4, 2) (5, 2) (5, 3) (6, 3) (7, 3) (8, 3) (8, 2) (8, 1) (9, 1) 

Solutia 43, lungime 26: (2, 3) (2, 2) (2, 1) (3, 1) (4, 1) (4, 2) (5, 2) (5, 3) (5, 4) (5, 5) (5, 6) (5, 7) (5, 8) (6, 8) (7, 8) (8, 8) (8, 7) (8, 6) (8, 5) (7, 5) (7, 4) (7, 3) (8, 3) (8, 2) (8, 1) (9, 1) 

Solutia 44, lungime 26: (2, 3) (2, 2) (2, 1) (3, 1) (4, 1) (4, 2) (5, 2) (5, 3) (5, 4) (5, 5) (5, 6) (5, 7) (5, 8) (6, 8) (7, 8) (7, 7) (8, 7) (8, 6) (8, 5) (7, 5) (7, 4) (7, 3) (8, 3) (8, 2) (8, 1) (9, 1) 

Solutia 45, lungime 16: (2, 3) (2, 2) (2, 1) (3, 1) (4, 1) (4, 2) (5, 2) (5, 1) (6, 1) (6, 2) (6, 3) (7, 3) (8, 3) (8, 2) (8, 1) (9, 1) 

Solutia 46, lungime 30: (2, 3) (2, 2) (2, 1) (3, 1) (4, 1) (4, 2) (5, 2) (5, 1) (6, 1) (6, 2) (6, 3) (5, 3) (5, 4) (5, 5) (5, 6) (5, 7) (5, 8) (6, 8) (7, 8) (8, 8) (8, 7) (8, 6) (8, 5) (7, 5) (7, 4) (7, 3) (8, 3) (8, 2) (8, 1) (9, 1) 

Solutia 47, lungime 30: (2, 3) (2, 2) (2, 1) (3, 1) (4, 1) (4, 2) (5, 2) (5, 1) (6, 1) (6, 2) (6, 3) (5, 3) (5, 4) (5, 5) (5, 6) (5, 7) (5, 8) (6, 8) (7, 8) (7, 7) (8, 7) (8, 6) (8, 5) (7, 5) (7, 4) (7, 3) (8, 3) (8, 2) (8, 1) (9, 1) 

Solutia 48, lungime 14: (2, 3) (2, 2) (2, 1) (3, 1) (4, 1) (4, 2) (4, 3) (5, 3) (6, 3) (7, 3) (8, 3) (8, 2) (8, 1) (9, 1) 

Solutia 49, lungime 26: (2, 3) (2, 2) (2, 1) (3, 1) (4, 1) (4, 2) (4, 3) (5, 3) (5, 4) (5, 5) (5, 6) (5, 7) (5, 8) (6, 8) (7, 8) (8, 8) (8, 7) (8, 6) (8, 5) (7, 5) (7, 4) (7, 3) (8, 3) (8, 2) (8, 1) (9, 1) 

Solutia 50, lungime 26: (2, 3) (2, 2) (2, 1) (3, 1) (4, 1) (4, 2) (4, 3) (5, 3) (5, 4) (5, 5) (5, 6) (5, 7) (5, 8) (6, 8) (7, 8) (7, 7) (8, 7) (8, 6) (8, 5) (7, 5) (7, 4) (7, 3) (8, 3) (8, 2) (8, 1) (9, 1) 

Solutia 51, lungime 16: (2, 3) (2, 2) (2, 1) (3, 1) (4, 1) (4, 2) (4, 3) (5, 3) (5, 2) (6, 2) (6, 3) (7, 3) (8, 3) (8, 2) (8, 1) (9, 1) 

Solutia 52, lungime 18: (2, 3) (2, 2) (2, 1) (3, 1) (4, 1) (4, 2) (4, 3) (5, 3) (5, 2) (5, 1) (6, 1) (6, 2) (6, 3) (7, 3) (8, 3) (8, 2) (8, 1) (9, 1) 
